4.11601
4.11601
4.11601
4.11601
4.11601
4.11601
4.11601
4.11601
4.11601
4.11601
4.11601
4.11601
4.11601
4.11601
4.11601
4.11601
4.11601
4.11601
4.11601
4.11601
4.11601
4.11601
4.11601
3.81495
3.81495
3.63882
3.63882
3.51385
3.21269
3.21269
3.07428
3.03646
3.03646
3.00167
2.88503
2.81435
2.66795
2.60983
2.51265
2.30096
2.22135
1.99106
1.88774
1.87221
1.77028
1.71865
1.65632
1.48506
1.46699
1.45162
1.41573
1.40832
1.34
1.22523
1.20859
1.17069
1.15414
1.13444
1.04121
1.00997
1.00102
0.823577
0.734438
0.64391
0.614763
0.566291
0.500989
0.499713
0.49174
0.41607
0.361804
0.289313
0.281034
0.132473
0.109964
0.0874659
0.0820956
0.0740518
0.0398568
-0.0812906
-0.108883
-0.1193
-0.1193
-0.126219
-0.146937
-0.173489
-0.178198
-0.18556
-0.197282
-0.200083
-0.321591
-0.332589
-0.336278
-0.337356
-0.341988
-0.342297
-0.348658
-0.370497
-0.376065
-0.386001
-0.413584
-0.423564
-0.466503
